mb = -0.001621694584175; %1.699
ma = -6.964684207814870e-04; %1.6311

v1a = 1.6311;
v1b = 1.699;
